x <-
structure(list(dates = structure(c(1L, 1L, 1L), .Label = "2013-01-01", class = "factor"), 
    cidade = structure(c(2L, 3L, 1L), .Label = c("CV", "SM", 
    "SS"), class = "factor"), temperatura = c(31L, 35L, 21L), 
    chuva = c(3L, 10L, 14L)), .Names = c("dates", "cidade", "temperatura", 
"chuva"), class = "data.frame", row.names = c(NA, -3L))
y <-
structure(list(temperatura = c(29.5857864376269, 33.5857864376269, 
19.5857864376269), chuva = c(1.5857864376269, 8.5857864376269, 
12.5857864376269)), .Names = c("temperatura", "chuva"), row.names = c(NA, 
-3L), class = "data.frame")
